0.21875
0.2
0.16666666666666666
0.16666666666666666
0.15625
0.10714285714285714
0.29166666666666663
0.16666666666666666
0.16666666666666666
0.125
0.14285714285714285
0.2333333333333333
0.1111111111111111
0.125
0.0
0.17857142857142858
0.23809523809523808
0.0
0.09523809523809523
0.0625
0.05
0.0625
0.33888888888888885
0.10714285714285714
0.08333333333333333
0.05555555555555555
0.1111111111111111
0.2857142857142857
0.047619047619047616
0.2380952380952381
0.3
0.5
0.21428571428571427
0.14285714285714285
0.17857142857142858
0.3333333333333333
0.0
0.14285714285714285
0.16666666666666666
0.25
0.11904761904761904
0.1
0.3
0.0
0.07142857142857142
0.08333333333333333
0.0
0.13333333333333333
0.25
0.03125
0.11904761904761904
0.0
0.20833333333333331
0.08333333333333333
0.17857142857142858
0.2708333333333333
0.3
0.18333333333333335
0.21428571428571427
0.19791666666666666
0.2
0.07142857142857142
0.19444444444444442
0.20833333333333331
0.08333333333333333
0.31666666666666665
0.2708333333333333
0.19444444444444442
0.08333333333333333
0.0
0.09523809523809523
0.16666666666666666
0.3190476190476191
0.05555555555555555
0.23809523809523808
0.3
0.1
0.08333333333333333
0.09722222222222221
0.08333333333333333
0.44666666666666666
0.08333333333333333
0.0
0.09999999999999999
0.11904761904761904
0.0
0.3333333333333333
0.0
0.11904761904761904
0.0
0.11458333333333333
0.16666666666666666
0.10714285714285714
0.0
0.375
0.16666666666666666
0.2125
0.3333333333333333
0.041666666666666664
0.06666666666666667
0.16666666666666666
0.20833333333333331
0.14285714285714285
0.0
0.041666666666666664
0.0
0.2604166666666667
0.21428571428571427
0.2
0.26041666666666663
0.375
0.20833333333333334
0.047619047619047616
0.20833333333333331
0.2222222222222222
0.16666666666666666
0.03571428571428571
0.05
0.0
0.0
0.05
0.05555555555555555
0.14285714285714285
0.24047619047619045
0.08333333333333333
0.25
0.13888888888888887
0.21428571428571425
0.07142857142857142
0.10416666666666666
0.16666666666666666
0.2222222222222222
0.05555555555555555
0.2916666666666667
0.11904761904761904
0.05555555555555555
0.5
0.0
0.13888888888888887
0.3
0.26666666666666666
0.0
0.3333333333333333
0.0
0.047619047619047616
0.14285714285714285
0.09722222222222221
0.13888888888888887
0.34761904761904766
0.27777777777777773
0.05714285714285715
0.26190476190476186
0.3333333333333333
0.08
0.05555555555555555
0.25
0.11904761904761904
0.3125
0.16666666666666666
0.4666666666666667
0.31428571428571433
0.07142857142857142
0.6666666666666666
0.14583333333333331
0.14285714285714285
0.0
0.125
0.125
0.2
0.07142857142857142
0.1111111111111111
0.3333333333333333
0.11904761904761904
0.19047619047619047
0.3333333333333333
0.0
0.0
0.2
0.0
0.0
0.07142857142857142
0.1111111111111111
0.3333333333333333
0.0625
0.07142857142857142
0.1875
0.3333333333333333
0.20833333333333331
0.16666666666666666
0.2857142857142857
0.20238095238095236
0.0
0.1111111111111111
0.19047619047619047
0.3333333333333333
0.3333333333333333
0.07142857142857142
0.3333333333333333
0.07142857142857142
0.1875
0.0625
0.13888888888888887
0.16666666666666666
0.20833333333333331
0.07142857142857142
0.11904761904761904
0.0625
0.1
0.13541666666666666
0.125
0.2333333333333333
0.19047619047619047
0.3333333333333333
0.16666666666666666
0.2222222222222222
0.17708333333333331
0.13888888888888887
0.0
0.16666666666666666
0.16666666666666666
0.08333333333333333
0.14285714285714285
0.11904761904761904
0.13541666666666666
0.1
0.0625
0.0
0.025
0.3
0.16666666666666666
0.16666666666666666
0.15
0.16666666666666666
0.10476190476190476
0.05
0.07142857142857142
0.0
0.0
0.2
0.16666666666666666
0.05555555555555555
0.17916666666666664
0.13541666666666666
0.1833333333333333
0.15
0.1
0.4166666666666667
0.06666666666666667
0.16666666666666666
0.07142857142857142
0.0
0.0
0.06666666666666667
0.16666666666666666
0.08333333333333333
0.16666666666666666
0.14285714285714285
0.08
0.25
0.0
0.14583333333333331
0.4523809523809524
0.19444444444444442
0.041666666666666664
0.20833333333333331
0.2638888888888889
0.08333333333333333
0.1
0.29166666666666663
0.3333333333333333
0.3095238095238095
0.3333333333333333
0.14285714285714285
0.20833333333333331
0.21428571428571427
0.3333333333333333
0.15
0.3125
0.05
0.0
0.05555555555555555
0.11904761904761904
0.23809523809523808
0.13888888888888887
0.29761904761904756
0.21428571428571427
0.14285714285714285
0.16666666666666666
0.047619047619047616
0.25
0.0
0.1875
0.1125
0.1111111111111111
0.10714285714285714
0.14285714285714285
0.09375
0.025
0.0
0.44375
0.125
0.05555555555555555
0.07142857142857142
0.06666666666666667
0.0625
0.12925170068027209
0.07142857142857142
0.20833333333333331
0.27777777777777773
0.12916666666666665
0.4333333333333334
0.16666666666666666
0.19999999999999998
0.13333333333333333
0.08333333333333333
0.19444444444444442
0.16666666666666666
0.2333333333333333
0.16666666666666666
0.12916666666666665
0.16666666666666666
0.1
0.0
0.21875
0.05625
0.35714285714285715
0.08333333333333333
0.0
0.125
0.10666666666666666
0.23809523809523808
0.0
0.125
0.0
0.0
0.19047619047619047
0.32142857142857145
0.03125
0.0
0.25
0.03333333333333333
0.11904761904761904
0.14285714285714285
0.15625
0.11666666666666665
0.125
0.1875
0.18
0.03125
0.5
0.0
0.1
0.16666666666666666
0.19791666666666666
0.125
0.17708333333333331
0.23809523809523808
0.0
0.05555555555555555
0.05714285714285715
0.16666666666666666
0.3333333333333333
0.38888888888888884
0.1
0.14583333333333331
0.0
0.14285714285714285
0.05555555555555555
0.7000000000000001
0.16369047619047616
0.0
0.10714285714285714
0.1285714285714286
0.375
0.17857142857142858
0.0
0.07142857142857142
0.3333333333333333
0.0
0.05555555555555555
0.19047619047619047
0.0
0.38888888888888884
0.3333333333333333
0.14583333333333331
0.0
0.1
0.25
0.03333333333333333
0.11904761904761904
0.14285714285714285
0.5
0.1875
0.11666666666666665
0.18
0.15625
0.125
0.03125
0.0
0.3333333333333333
0.30952380952380953
0.08333333333333333
0.10416666666666666
0.125
0.2
0.3194444444444444
0.22916666666666666
0.2
0.125
0.1
0.1111111111111111
0.125
0.047619047619047616
0.09523809523809523
0.35714285714285715
0.14583333333333331
0.10476190476190476
0.11875
0.25
0.25
0.125
0.1875
0.20833333333333331
0.16666666666666666
0.13541666666666666
0.047619047619047616
0.26041666666666663
0.0625
0.23809523809523808
0.21904761904761902
0.05555555555555555
0.05555555555555555
0.1875
0.17857142857142858
0.17857142857142858
0.11904761904761904
0.05555555555555555
0.1
0.16666666666666666
0.08333333333333333
0.26666666666666666
0.225
0.23333333333333334
0.04081632653061224
0.16666666666666666
0.0
0.16666666666666666
0.06666666666666667
0.13333333333333333
0.125
0.1111111111111111
0.14285714285714285
0.16666666666666666
0.16666666666666666
0.09166666666666667
0.08333333333333333
0.375
0.6666666666666666
0.25
0.19047619047619047
0.1
0.1
0.25
0.2
0.25
0.19047619047619047
0.2857142857142857
0.0625
0.08333333333333333
0.18055555555555555
0.1111111111111111
0.3333333333333333
0.11904761904761904
0.13888888888888887
0.2708333333333333
0.19047619047619047
0.2222222222222222
0.175
0.1875
0.0
0.125
0.08333333333333333
0.14583333333333331
0.29166666666666663
0.125
0.5
0.38095238095238093
0.1
0.35714285714285715
0.06666666666666667
0.2333333333333333
0.16666666666666669
0.29761904761904756
0.25
0.0
0.03571428571428571
0.5
0.3333333333333333
0.1875
0.25
0.0
0.18055555555555555
0.17708333333333331
0.06666666666666667
0.16666666666666666
0.125
0.4583333333333333
0.1
0.16666666666666666
0.2857142857142857
0.2833333333333333
0.33999999999999997
0.0
0.5
0.0
0.09523809523809523
0.0625
0.3333333333333333
0.18055555555555555
0.14285714285714285
0.2222222222222222
0.25
0.0
0.2857142857142857
0.0
0.5
0.2222222222222222
0.2708333333333333
0.18055555555555555
0.3055555555555555
0.19444444444444442
0.0
0.1111111111111111
0.20833333333333331
0.05555555555555555
0.3333333333333333
0.19444444444444442
0.35714285714285715
0.25
0.41666666666666663
0.23958333333333331
0.1875
0.32291666666666663
0.07142857142857142
0.1111111111111111
0.21428571428571427
0.1111111111111111
0.20833333333333331
0.3
0.30833333333333335
0.0
0.2222222222222222
0.05555555555555555
0.19444444444444442
0.35714285714285715
0.25
0.41666666666666663
0.1111111111111111
0.09821428571428571
0.2125
0.05
0.06666666666666667
0.20833333333333334
0.19047619047619047
0.19047619047619047
0.1111111111111111
0.09523809523809523
0.29166666666666663
0.0
0.21428571428571427
0.20833333333333334
0.06666666666666667
0.19047619047619047
0.09523809523809523
0.29166666666666663
0.19047619047619047
0.1111111111111111
0.21428571428571427
0.0
0.2638888888888889
0.2
0.17142857142857143
0.0
