0.375
0.2
0.16666666666666666
0.1875
0.1875
0.21428571428571427
0.5
0.3333333333333333
0.3333333333333333
0.125
0.14285714285714285
0.27777777777777773
0.25
0.125
0.0
0.21428571428571427
0.2857142857142857
0.0
0.2857142857142857
0.125
0.2
0.25
0.6666666666666666
0.16666666666666669
0.08333333333333333
0.08333333333333333
0.16666666666666666
0.2619047619047619
0.07142857142857142
0.3333333333333333
0.2
0.42857142857142855
0.2857142857142857
0.14285714285714285
0.21428571428571427
0.375
0.0
0.14285714285714285
0.25
0.21428571428571427
0.21428571428571427
0.2
0.40625
0.0
0.07142857142857142
0.125
0.0
0.2
0.25
0.0625
0.21428571428571427
0.0
0.20833333333333331
0.25
0.21428571428571427
0.375
0.2
0.25
0.42857142857142855
0.22916666666666666
0.2333333333333333
0.14285714285714285
0.25
0.3125
0.125
0.3055555555555555
0.375
0.25
0.125
0.0
0.09523809523809523
0.21428571428571427
0.4761904761904762
0.08333333333333333
0.2857142857142857
0.3
0.06666666666666667
0.08333333333333333
0.09722222222222221
0.08333333333333333
0.5666666666666667
0.08333333333333333
0.0
0.21428571428571427
0.21428571428571427
0.0
0.3333333333333333
0.0
0.14285714285714285
0.0
0.1875
0.2
0.14285714285714285
0.0
0.5
0.2857142857142857
0.1875
0.5
0.125
0.1
0.06666666666666667
0.25
0.21428571428571427
0.0
0.125
0.0
0.375
0.2857142857142857
0.2
0.3541666666666667
0.5
0.3333333333333333
0.07142857142857142
0.3125
0.3333333333333333
0.16666666666666666
0.14285714285714285
0.25
0.0
0.0
0.1
0.16666666666666666
0.21428571428571427
0.38095238095238093
0.10416666666666666
0.19444444444444442
0.3333333333333333
0.35714285714285715
0.14285714285714285
0.125
0.1111111111111111
0.4166666666666667
0.08333333333333333
0.5833333333333334
0.21428571428571427
0.08333333333333333
0.5
0.0
0.25
0.3
0.3
0.0
0.375
0.0
0.07142857142857142
0.21428571428571427
0.13888888888888887
0.25
0.5714285714285714
0.3333333333333333
0.09523809523809523
0.35714285714285715
0.3333333333333333
0.2
0.08333333333333333
0.3333333333333333
0.14285714285714285
0.375
0.041666666666666664
0.6
0.38095238095238093
0.07142857142857142
1.0
0.25
0.14285714285714285
0.0
0.125
0.25
0.16666666666666666
0.07142857142857142
0.25
0.4166666666666667
0.11904761904761904
0.21428571428571427
1.0
0.0
0.0
0.2
0.0
0.0
0.07142857142857142
0.25
0.2222222222222222
0.0625
0.07142857142857142
0.1875
0.5
0.16666666666666666
0.4
0.3095238095238095
0.2857142857142857
0.0
0.25
0.21428571428571427
1.0
0.5
0.07142857142857142
0.2222222222222222
0.07142857142857142
0.1875
0.0625
0.16666666666666666
0.2857142857142857
0.5
0.07142857142857142
0.14285714285714285
0.0625
0.1
0.22916666666666666
0.125
0.4
0.21428571428571427
1.0
0.23809523809523808
0.25
0.35416666666666663
0.11666666666666665
0.0
0.16666666666666666
0.15625
0.21428571428571427
0.2857142857142857
0.14285714285714285
0.22916666666666666
0.1
0.0625
0.0
0.0625
0.4333333333333333
0.25
0.1111111111111111
0.3
0.16666666666666666
0.16666666666666666
0.2
0.14285714285714285
0.0
0.0
0.3
0.25
0.08333333333333333
0.28125
0.3125
0.5
0.3125
0.1
0.4375
0.2
0.2857142857142857
0.14285714285714285
0.0
0.0
0.1875
0.16666666666666666
0.21428571428571427
0.15625
0.2857142857142857
0.13333333333333333
0.1875
0.0
0.1875
0.5
0.25
0.0625
0.375
0.3333333333333333
0.16666666666666666
0.2
0.22916666666666666
0.5
0.42857142857142855
0.3333333333333333
0.23809523809523808
0.2916666666666667
0.2857142857142857
0.3333333333333333
0.16666666666666666
0.3125
0.2
0.0
0.08333333333333333
0.21428571428571427
0.35714285714285715
0.13888888888888887
0.5714285714285714
0.2619047619047619
0.2857142857142857
0.4
0.14285714285714285
0.25
0.0
0.25
0.1875
0.16666666666666666
0.21428571428571427
0.21428571428571427
0.1875
0.125
0.0
0.4375
0.25
0.16666666666666666
0.14285714285714285
0.1
0.125
0.2619047619047619
0.07142857142857142
0.375
0.27777777777777773
0.13541666666666666
0.4666666666666667
0.2222222222222222
0.2857142857142857
0.2
0.05555555555555555
0.25
0.16666666666666666
0.3
0.25
0.13541666666666666
0.2222222222222222
0.2
0.0
0.25
0.1875
0.2619047619047619
0.125
0.0
0.125
0.16666666666666666
0.35714285714285715
0.0
0.25
0.0
0.0
0.2857142857142857
0.42857142857142855
0.0625
0.0
0.5
0.08333333333333333
0.21428571428571427
0.14285714285714285
0.20833333333333331
0.25
0.5
0.1875
0.6
0.0625
0.6
0.0
0.2
0.16666666666666666
0.4375
0.125
0.375
0.35714285714285715
0.0
0.16666666666666666
0.14285714285714285
0.3333333333333333
0.4166666666666667
0.4166666666666667
0.06666666666666667
0.16666666666666666
0.0
0.14285714285714285
0.08333333333333333
0.7857142857142857
0.20833333333333331
0.0
0.21428571428571427
0.19047619047619047
0.5
0.19047619047619047
0.0
0.07142857142857142
0.3333333333333333
0.0
0.16666666666666666
0.21428571428571427
0.0
0.4166666666666667
0.4166666666666667
0.16666666666666666
0.0
0.06666666666666667
0.5
0.08333333333333333
0.21428571428571427
0.14285714285714285
0.6
0.1875
0.25
0.6
0.20833333333333331
0.5
0.0625
0.0
0.25
0.5
0.16666666666666666
0.1875
0.125
0.2
0.4166666666666667
0.22916666666666666
0.1
0.25
0.1
0.25
0.125
0.07142857142857142
0.09523809523809523
0.5
0.16666666666666666
0.21428571428571427
0.1875
0.3125
0.25
0.125
0.1875
0.25
0.2857142857142857
0.1875
0.047619047619047616
0.22916666666666666
0.125
0.33333333333333337
0.2857142857142857
0.16666666666666666
0.08333333333333333
0.25
0.14285714285714285
0.14285714285714285
0.19047619047619047
0.08333333333333333
0.2
0.14583333333333331
0.16666666666666666
0.26666666666666666
0.5
0.3
0.14285714285714285
0.25
0.0
0.25
0.2
0.2
0.08333333333333333
0.16666666666666666
0.21428571428571427
0.16666666666666666
0.19444444444444442
0.1875
0.16666666666666666
0.25
1.0
0.25
0.35714285714285715
0.2
0.2
0.25
0.2
0.25
0.35714285714285715
0.35714285714285715
0.0625
0.08333333333333333
0.25
0.16666666666666666
0.16666666666666666
0.2857142857142857
0.3333333333333333
0.3125
0.2857142857142857
0.3333333333333333
0.3125
0.15625
0.0
0.16666666666666666
0.25
0.25
0.3
0.125
0.5
0.42857142857142855
0.2
0.35714285714285715
0.16666666666666666
0.4
0.21428571428571427
0.35714285714285715
0.375
0.0
0.14285714285714285
0.7
0.5
0.1875
0.3333333333333333
0.0
0.25
0.25
0.2
0.3333333333333333
0.125
0.625
0.25
0.21428571428571427
0.2619047619047619
0.4166666666666667
0.4
0.0
0.5
0.0
0.14285714285714285
0.125
0.5
0.25
0.14285714285714285
0.16666666666666666
0.25
0.0
0.42857142857142855
0.0
0.5
0.3055555555555555
0.2857142857142857
0.25
0.4166666666666667
0.4166666666666667
0.0
0.16666666666666666
0.1875
0.08333333333333333
0.6666666666666666
0.3055555555555555
0.35714285714285715
0.4375
0.5
0.22916666666666666
0.1875
0.375
0.07142857142857142
0.16666666666666666
0.21428571428571427
0.16666666666666666
0.1875
0.3
0.625
0.0
0.3333333333333333
0.08333333333333333
0.3055555555555555
0.35714285714285715
0.4375
0.5
0.16666666666666666
0.16666666666666666
0.22916666666666669
0.125
0.1
0.3333333333333333
0.2857142857142857
0.21428571428571427
0.3333333333333333
0.14285714285714285
0.41666666666666663
0.0
0.21428571428571427
0.3333333333333333
0.1
0.2857142857142857
0.14285714285714285
0.41666666666666663
0.21428571428571427
0.3333333333333333
0.21428571428571427
0.0
0.4166666666666667
0.2
0.2619047619047619
0.0
